%Saved by: 
%Date: 07/13/2012 17:21
%Machine: 
%Saving tool: FRF Analyiser of SPiiPlus MMI ver. 6.50
%Controller serial number: 3517D9
%Firmware: 6.60
%Remarks: 
%Axis = 0
Minimal_Frequency =  1.000000E+1;
Maximal_Frequency =  3.000000E+3;
Frequencies_per_Decade =  50;
Excitation_Current =  1.000000E+1;
Measure_MFLAGS14 = 0;
Measure_MFLAGS15 = 0;
Measure_SLPKP = 2.000000E+2;
Measure_SLVKP = 2.340000E+2;
Measure_SLVKI = 7.000000E+2;
Measure_XVEL = 1.950000E+6;
Measure_SLVSOF = 1.000000E+3;
Measure_SLVSOFD = 7.070000E-1;
Measure_SLVNFRQ = 5.000000E+2;
Measure_SLVNWID = 3.000000E+1;
Measure_SLVNATT = 5.000000E+0;
Measure_EFAC = 1.000000E+0;
Baseline_MFLAGS14 = 0;
Baseline_MFLAGS15 = 0;
Baseline_SLPKP = 2.000000E+2;
Baseline_SLVKP = 2.340000E+2;
Baseline_SLVKI = 7.000000E+2;
Baseline_XVEL = 1.950000E+6;
Baseline_SLVSOF = 1.000000E+3;
Baseline_SLVSOFD = 7.070000E-1;
Baseline_SLVNFRQ = 5.000000E+2;
Baseline_SLVNWID = 3.000000E+1;
Baseline_SLVNATT = 5.000000E+0;
Baseline_EFAC = 1.000000E+0;
Measure_Closed_Loop_Data = [
%Frequency(Hz), Amplitude(abs), Phase(degree)
 9.549926E+0,   1.004040E+0,  -4.367921E-1
 1.000000E+1,   1.003868E+0,  -3.904910E-1
 1.047129E+1,   1.004462E+0,  -2.988636E-1
 1.096478E+1,   1.003901E+0,  -2.972729E-1
 1.148154E+1,   1.002799E+0,  -3.149015E-1
 1.202264E+1,   1.003009E+0,  -2.668766E-1
 1.258925E+1,   1.003179E+0,  -2.043464E-1
 1.318257E+1,   1.003923E+0,  -1.467492E-1
 1.380384E+1,   1.004707E+0,  -1.104712E-1
 1.445440E+1,   1.005073E+0,  -9.004966E-2
 1.513561E+1,   1.005590E+0,  -6.265303E-2
 1.584893E+1,   1.007912E+0,  -1.525736E-2
 1.620549E+1,   1.008860E+0,   2.003546E-3
 1.659587E+1,   1.009899E+0,   2.090179E-2
 1.737801E+1,   1.011877E+0,   4.692881E-2
 1.819701E+1,   1.013896E+0,   4.031184E-2
 1.878246E+1,   1.014909E+0,  -1.356038E-3
 1.905461E+1,   1.015380E+0,  -2.072518E-2
 1.957815E+1,   1.017376E+0,   1.922856E-3
 1.995262E+1,   1.018803E+0,   1.812248E-2
 2.089296E+1,   1.022993E+0,   2.840495E-2
 2.186520E+1,   1.025279E+0,  -3.599395E-5
 2.187762E+1,   1.025308E+0,  -3.992248E-4
 2.190424E+1,   1.025381E+0,   4.390105E-5
 2.290868E+1,   1.028163E+0,   1.676094E-2
 2.398833E+1,   1.034146E+0,   6.258602E-3
 2.404639E+1,   1.034229E+0,  -2.891752E-4
 2.511886E+1,   1.035765E+0,  -1.212279E-1
 2.630268E+1,   1.041210E+0,  -6.015370E-2
 2.754229E+1,   1.042869E+0,  -9.327675E-2
 2.884032E+1,   1.050666E+0,  -1.315610E-1
 3.019952E+1,   1.054086E+0,  -1.434786E-1
 3.162278E+1,   1.058461E+0,  -2.691252E-1
 3.311311E+1,   1.066370E+0,  -4.221713E-1
 3.467369E+1,   1.071884E+0,  -5.120041E-1
 3.630781E+1,   1.077653E+0,  -6.807174E-1
 3.801894E+1,   1.084250E+0,  -8.893924E-1
 3.981072E+1,   1.090298E+0,  -1.137135E+0
 4.168694E+1,   1.097725E+0,  -1.388742E+0
 4.365158E+1,   1.103416E+0,  -1.644870E+0
 4.570882E+1,   1.110253E+0,  -1.834815E+0
 4.786301E+1,   1.119649E+0,  -2.312250E+0
 5.011872E+1,   1.127079E+0,  -2.685615E+0
 5.248075E+1,   1.135682E+0,  -3.122887E+0
 5.495409E+1,   1.144021E+0,  -3.770772E+0
 5.754399E+1,   1.149400E+0,  -4.312264E+0
 6.025596E+1,   1.155257E+0,  -4.660688E+0
 6.309573E+1,   1.165601E+0,  -5.304008E+0
 6.606934E+1,   1.173952E+0,  -5.910400E+0
 6.918310E+1,   1.181270E+0,  -6.694190E+0
 7.244360E+1,   1.187365E+0,  -7.321633E+0
 7.585776E+1,   1.197390E+0,  -8.070993E+0
 7.943282E+1,   1.202475E+0,  -8.901315E+0
 8.317638E+1,   1.210687E+0,  -9.639749E+0
 8.709636E+1,   1.220275E+0,  -1.048546E+1
 9.120108E+1,   1.229147E+0,  -1.149939E+1
 9.549926E+1,   1.235991E+0,  -1.243202E+1
 1.000000E+2,   1.246921E+0,  -1.334496E+1
 1.047129E+2,   1.253140E+0,  -1.439277E+1
 1.096478E+2,   1.265655E+0,  -1.527231E+1
 1.148154E+2,   1.283331E+0,  -1.610250E+1
 1.202264E+2,   1.289610E+0,  -1.752408E+1
 1.258925E+2,   1.310719E+0,  -1.846667E+1
 1.318257E+2,   1.324891E+0,  -1.976911E+1
 1.380384E+2,   1.338887E+0,  -2.121468E+1
 1.445440E+2,   1.353726E+0,  -2.240686E+1
 1.513561E+2,   1.370291E+0,  -2.398354E+1
 1.584893E+2,   1.389793E+0,  -2.567281E+1
 1.659587E+2,   1.414118E+0,  -2.740628E+1
 1.737801E+2,   1.435268E+0,  -2.960421E+1
 1.819701E+2,   1.449071E+0,  -3.145159E+1
 1.905461E+2,   1.465669E+0,  -3.322605E+1
 1.995262E+2,   1.492944E+0,  -3.572796E+1
 2.089296E+2,   1.477520E+0,  -3.738152E+1
 2.187762E+2,   1.551680E+0,  -3.786341E+1
 2.290868E+2,   1.597887E+0,  -4.055180E+1
 2.398833E+2,   1.645701E+0,  -4.433517E+1
 2.511886E+2,   1.682439E+0,  -4.512539E+1
 2.630268E+2,   1.772096E+0,  -4.766425E+1
 2.754229E+2,   1.883941E+0,  -4.997440E+1
 2.884032E+2,   2.027095E+0,  -5.487035E+1
 3.019952E+2,   2.156492E+0,  -5.996619E+1
 3.162278E+2,   2.301062E+0,  -6.540596E+1
 3.311311E+2,   2.425089E+0,  -7.204194E+1
 3.467369E+2,   2.565749E+0,  -7.866046E+1
 3.470884E+2,   2.571391E+0,  -7.879973E+1
 3.630781E+2,   2.828059E+0,  -8.513428E+1
 3.801894E+2,   3.047570E+0,  -9.674948E+1
 3.981072E+2,   3.008988E+0,  -1.192017E+2
 4.168694E+2,   2.891363E+0,  -1.366798E+2
 4.365158E+2,   2.880756E+0,  -1.523746E+2
 4.570882E+2,   2.726712E+0,  -1.781788E+2
 4.581202E+2,   2.673068E+0,  -1.794848E+2
 4.786301E+2,   1.606948E+0,  -2.054395E+2
 5.011872E+2,   1.489909E+0,  -1.936423E+2
 5.141194E+2,   1.397547E+0,  -1.804221E+2
 5.248075E+2,   1.321212E+0,  -1.694959E+2
 5.305738E+2,   1.276428E+0,  -1.793427E+2
 5.495409E+2,   1.129121E+0,  -2.117316E+2
 5.754399E+2,   9.109775E-1,  -2.072739E+2
 6.025596E+2,   1.262426E+0,  -2.083864E+2
 6.309573E+2,   1.230686E+0,  -2.329318E+2
 6.606934E+2,   9.021432E-1,  -2.447606E+2
 6.918310E+2,   7.132137E-1,  -2.543539E+2
 7.244360E+2,   5.521398E-1,  -2.596338E+2
 7.585776E+2,   4.322174E-1,  -2.676813E+2
 7.943282E+2,   3.167489E-1,  -2.651347E+2
 8.317638E+2,   3.944138E-1,  -2.762837E+2
 8.709636E+2,   3.819112E-1,  -2.916510E+2
 9.120108E+2,   3.425353E-1,  -3.117658E+2
 9.549926E+2,   3.068880E-1,  -3.464431E+2
 1.000000E+3,   1.820426E-1,  -3.905494E+2
 1.047129E+3,   1.477017E-1,  -4.190234E+2
 1.096478E+3,   2.459852E-1,  -4.491387E+2
 1.148154E+3,   2.890469E-1,  -4.640515E+2
 1.202264E+3,   1.128346E+0,  -5.331554E+2
 1.206358E+3,   1.104484E+0,  -5.389291E+2
 1.258925E+3,   7.980363E-1,  -6.130804E+2
 1.318257E+3,   3.879196E-1,  -6.528907E+2
 1.380384E+3,   2.448761E-1,  -6.728673E+2
 1.445440E+3,   1.682726E-1,  -6.848934E+2
 1.513561E+3,   1.298203E-1,  -7.082581E+2
 1.584893E+3,   8.150895E-2,  -7.351254E+2
 1.659587E+3,   3.995476E-2,  -7.248656E+2
 1.737801E+3,   6.988059E-3,  -7.539038E+2
 1.819701E+3,   1.564142E-2,  -7.663250E+2
 1.905461E+3,   3.455167E-2,  -7.635126E+2
 1.995262E+3,   2.537202E-2,  -7.700984E+2
 2.089296E+3,   2.670532E-2,  -7.896929E+2
 2.187762E+3,   1.790665E-2,  -8.258005E+2
 2.290868E+3,   2.569284E-2,  -8.168741E+2
 2.398833E+3,   8.899881E-3,  -8.667241E+2
 2.511886E+3,   1.304144E-2,  -7.710412E+2
 2.630268E+3,   5.445989E-3,  -7.632560E+2
 2.754229E+3,   1.363877E-2,  -8.079431E+2
 2.884032E+3,   1.697682E-2,  -8.538666E+2
 3.019952E+3,   1.534159E-2,  -8.868595E+2
];
